n: 20	p: 4
FO:	100981.726563
HUBS:	[3, 5, 13, 16]
n: 20	p: 4
FO:	100981.726563
HUBS:	[3, 5, 13, 16]
